1 Ahmed 5551001 19990101
2 Sara 5551002 20000214
3 Omar 5551003 19981230
4 Lina 5551004 20010520
5 Yusuf 5551005 19970707
6 Maya 5551006 20001111
7 Ali 5551007 19950303
8 Noor 5551008 20020618
9 Samer 5551009 19941125
10 Dana 5551010 20030909
11 Adam 5551011 19980615
12 Eve 5551012 20011201
13 Ryan 5551013 19990222
14 Chloe 5551014 20000303
15 Leo 5551015 19970808
16 Emma 5551016 20021010
17 Jack 5551017 19960101
18 Mia 5551018 20030412
19 Noah 5551019 19951212
20 Ava 5551020 20000120
21 Ethan 5551021 19990317
22 Lily 5551022 20020525
